  z[m] p[mb] tp[K] q[g/kg] u[m/s] v[m/s]
 353.75,  38,  1005.5
  -999.000000  1000.000000   300.696991    18.607943     0.000000   0.000000
  -999.000000   975.000000   301.236267    17.930532     0.000000   0.000000
  -999.000000   950.000000   301.623291    17.210258     0.000000   0.000000
  -999.000000   925.000000   302.453888    15.512389     0.000000   0.000000
  -999.000000   900.000000   303.449036    14.204778     0.000000   0.000000
  -999.000000   875.000000   304.581024    13.016637     0.000000   0.000000
  -999.000000   850.000000   305.753540    12.087501     0.000000   0.000000
  -999.000000   825.000000   306.921143    11.508650     0.000000   0.000000
  -999.000000   800.000000   308.200317    10.980869     0.000000   0.000000
  -999.000000   775.000000   309.724792    10.233530     0.000000   0.000000
  -999.000000   750.000000   311.360443     9.402029     0.000000   0.000000
  -999.000000   725.000000   312.842346     8.879516     0.000000   0.000000
  -999.000000   700.000000   314.330872     8.262301     0.000000   0.000000
  -999.000000   675.000000   315.584808     7.420104     0.000000   0.000000
  -999.000000   650.000000   316.939209     6.330522     0.000000   0.000000
  -999.000000   625.000000   318.430878     5.913162     0.000000   0.000000
  -999.000000   600.000000   319.776489     5.651664     0.000000   0.000000
  -999.000000   575.000000   321.174500     5.287224     0.000000   0.000000
  -999.000000   550.000000   323.454651     4.345461     0.000000   0.000000
  -999.000000   525.000000   325.936829     3.252456     0.000000   0.000000
  -999.000000   500.000000   328.149353     2.124054     0.000000   0.000000
  -999.000000   475.000000   330.358734     1.468169     0.000000   0.000000
  -999.000000   450.000000   332.080566     1.408048     0.000000   0.000000
  -999.000000   425.000000   333.933014     1.027547     0.000000   0.000000
  -999.000000   400.000000   335.920227     1.177932     0.000000   0.000000
  -999.000000   375.000000   338.012238     0.886524     0.000000   0.000000
  -999.000000   350.000000   339.757874     0.707263     0.000000   0.000000
  -999.000000   325.000000   341.400726     0.516924     0.000000   0.000000
  -999.000000   300.000000   343.485504     0.352384     0.000000   0.000000
  -999.000000   275.000000   345.380249     0.198472     0.000000   0.000000
  -999.000000   250.000000   346.857880     0.114272     0.000000   0.000000
  -999.000000   225.000000   348.205658     0.075917     0.000000   0.000000
  -999.000000   200.000000   349.564087     0.043370     0.000000   0.000000
  -999.000000   175.000000   351.014099     0.022481     0.000000   0.000000
  -999.000000   150.000000   352.785553     0.009683     0.000000   0.000000
  -999.000000   125.000000   356.148956     0.003003     0.000000   0.000000
  -999.000000   100.000000   365.216522     0.001026     0.000000   0.000000
  -999.000000    75.000000   410.424225     0.004825     0.000000   0.000000
 354.,  38,  1006.90997
  -999.000000  1000.000000   301.214996    18.253798    0.000000   0.000000
  -999.000000   975.000000   301.609955    17.677359    0.000000   0.000000
  -999.000000   950.000000   301.936829    16.946869    0.000000   0.000000
  -999.000000   925.000000   302.590912    15.608577    0.000000   0.000000
  -999.000000   900.000000   303.480957    14.355494    0.000000   0.000000
  -999.000000   875.000000   304.545715    13.316497    0.000000   0.000000
  -999.000000   850.000000   305.855164    12.094296    0.000000   0.000000
  -999.000000   825.000000   307.102875    11.086907    0.000000   0.000000
  -999.000000   800.000000   308.364441    10.690459    0.000000   0.000000
  -999.000000   775.000000   309.870026     9.831210    0.000000   0.000000
  -999.000000   750.000000   311.452728     9.070119    0.000000   0.000000
  -999.000000   725.000000   313.072571     8.469474    0.000000   0.000000
  -999.000000   700.000000   314.619873     7.695757    0.000000   0.000000
  -999.000000   675.000000   316.010010     6.602194    0.000000   0.000000
  -999.000000   650.000000   317.283081     5.974324    0.000000   0.000000
  -999.000000   625.000000   318.951294     5.818423    0.000000   0.000000
  -999.000000   600.000000   320.532166     5.576106    0.000000   0.000000
  -999.000000   575.000000   321.880859     5.156816    0.000000   0.000000
  -999.000000   550.000000   324.041901     4.160646    0.000000   0.000000
  -999.000000   525.000000   326.718323     2.838579    0.000000   0.000000
  -999.000000   500.000000   328.672394     1.920388    0.000000   0.000000
  -999.000000   475.000000   330.570282     1.496856    0.000000   0.000000
  -999.000000   450.000000   332.678619     1.276133    0.000000   0.000000
  -999.000000   425.000000   334.772034     1.049475    0.000000   0.000000
  -999.000000   400.000000   337.057220     0.925272    0.000000   0.000000
  -999.000000   375.000000   339.102905     0.669557    0.000000   0.000000
  -999.000000   350.000000   340.859467     0.497257    0.000000   0.000000
  -999.000000   325.000000   342.736908     0.405372    0.000000   0.000000
  -999.000000   300.000000   344.657898     0.330587    0.000000   0.000000
  -999.000000   275.000000   346.340607     0.186723    0.000000   0.000000
  -999.000000   250.000000   347.752625     0.107632    0.000000   0.000000
  -999.000000   225.000000   349.052673     0.065399    0.000000   0.000000
  -999.000000   200.000000   350.604889     0.037594    0.000000   0.000000
  -999.000000   175.000000   351.981842     0.022243    0.000000   0.000000
  -999.000000   150.000000   353.595642     0.009438    0.000000   0.000000
  -999.000000   125.000000   356.786774     0.002571    0.000000   0.000000
  -999.000000   100.000000   366.408142     0.000846    0.000000   0.000000
  -999.000000    75.000000   410.910706     0.002817    0.000000   0.000000


